name: abo-analysis-env
channels:
  - conda-forge
  - bioconda
  - defaults
dependencies:
  - _libgcc_mutex=0.1=conda_forge
  - _openmp_mutex=4.5=2_gnu
  - biopython=1.83=py310h2372a71_0
  - bwa=0.7.17=he4a0461_11
  - bzip2=1.0.8=hd590300_5
  - c-ares=1.27.0=hd590300_0
  - ca-certificates=2024.2.2=hbcca054_0
  - expat=2.6.2=h59595ed_0
  - fastqc=0.12.1=hdfd78af_0
  - font-ttf-dejavu-sans-mono=2.37=hab24e00_0
  - fontconfig=2.14.2=h14ed4e7_0
  - freetype=2.12.1=h267a509_2
  - htslib=1.19.1=h81da01d_2
  - k8=0.2.5=hdcf5f25_4
  - keyutils=1.6.1=h166bdaf_0
  - krb5=1.21.2=h659d440_0
  - ld_impl_linux-64=2.40=h41732ed_0
  - libblas=3.9.0=21_linux64_openblas
  - libcblas=3.9.0=21_linux64_openblas
  - libcurl=8.6.0=hca28451_0
  - libdeflate=1.18=h0b41bf4_0
  - libedit=3.1.20191231=he28a2e2_2
  - libev=4.33=hd590300_2
  - libexpat=2.6.2=h59595ed_0
  - libffi=3.4.2=h7f98852_5
  - libgcc-ng=13.2.0=h807b86a_5
  - libgfortran-ng=13.2.0=h69a702a_5
  - libgfortran5=13.2.0=ha4646dd_5
  - libgomp=13.2.0=h807b86a_5
  - liblapack=3.9.0=21_linux64_openblas
  - libnghttp2=1.58.0=h47da74e_1
  - libnsl=2.0.1=hd590300_0
  - libopenblas=0.3.26=pthreads_h413a1c8_0
  - libpng=1.6.43=h2797004_0
  - libsqlite=3.45.2=h2797004_0
  - libssh2=1.11.0=h0841786_0
  - libstdcxx-ng=13.2.0=h7e041cc_5
  - libuuid=2.38.1=h0b41bf4_0
  - libxcrypt=4.4.36=hd590300_1
  - libzlib=1.2.13=hd590300_5
  - minimap2=2.27=he4a0461_1
  - ncurses=6.4.20240210=h59595ed_0
  - numpy=1.26.4=py310hb13e2d6_0
  - openjdk=8.0.382=hd590300_0
  - openssl=3.2.1=hd590300_1
  - perl=5.32.1=7_hd590300_perl5
  - pip=24.0=pyhd8ed1ab_0
  - python=3.10.14=hd12c33a_0_cpython
  - python_abi=3.10=4_cp310
  - readline=8.2=h8228510_1
  - samtools=1.19.2=h50ea8bc_1
  - setuptools=69.2.0=pyhd8ed1ab_0
  - tk=8.6.13=noxft_h4845f30_101
  - wheel=0.43.0=pyhd8ed1ab_0
  - xz=5.2.6=h166bdaf_0
  - zlib=1.2.13=hd590300_5
  - zstd=1.5.5=hfc55251_0
  - pip:
      - bio>=1.6.2
      - biopython>=1.83
      - biothings-client>=0.3.1
      - certifi>=2024.2.2
      - charset-normalizer>=3.3.2
      - click>=8.1.7
      - coloredlogs>=15.0.1
      - colormath>=3.0.0
      - contourpy>=1.2.0
      - cycler>=0.12.1
      - et-xmlfile>=1.1.0
      - fonttools>=4.50.0
      - future>=1.0.0
      - gprofiler-official>=1.0.0
      - humanfriendly>=10.0
      - humanize>=4.9.0
      - idna>=3.6
      - importlib_metadata>=7.1.0
      - Jinja2>=3.1.3
      - kaleido>=0.2.1
      - kiwisolver>=1.4.5
      - Markdown>=3.6
      - markdown-it-py>=3.0.0
      - MarkupSafe>=2.1.5
      - matplotlib>=3.8.3
      - mdurl>=0.1.2
      - multiqc>=1.21
      - mygene>=3.2.2
      - networkx>=3.2.1
      - numpy>=1.26.4
      - openpyxl>=3.1.2
      - packaging>=24.0
      - pandas>=2.2.1
      - pillow>=10.2.0
      - pip-review>=1.3.0
      - platformdirs>=4.2.0
      - plotly>=5.20.0
      - pooch>=1.8.1
      - pyaml-env>=1.2.1
      - Pygments>=2.17.2
      - pyparsing>=3.1.2
      - pysam>=0.22.0
      - python-dateutil>=2.9.0.post0
      - pytz>=2024.1
      - PyYAML>=6.0.1
      - requests>=2.31.0
      - rich>=13.7.1
      - rich-click>=1.7.4
      - six>=1.16.0
      - spectra>=0.0.11
      - tenacity>=8.2.3
      - tqdm>=4.66.2
      - typing_extensions>=4.10.0
      - tzdata>=2024.1
      - urllib3>=2.2.1
      - XlsxWriter>=3.2.0
      - zipp>=3.18.1
#prefix: /data/conda-envs/abo-analysis-env
